23.20,
23.21,
23.22,
23.23,
23.25,
23.26,
23.27,
23.28,
23.30,
23.31,
23.33,
23.34,
23.36,
23.37,
23.39,
23.40,
23.42,
23.42,
23.45,
23.50,
23.51,
23.52,
23.54,
23.56,
23.58,
23.60,
23.61,
23.61,
23.64,
23.65,
23.67,
23.69,
23.71,
23.72,
23.75,
23.75,
23.78,
23.79,
23.81,
23.83,
23.85,
23.86,
23.88,
23.90,
23.91,
23.93,
23.95,
23.96,
23.98,
24.00,
24.01,
24.03,
24.05,
24.07,
24.08,
24.10,
24.12,
24.14,
24.15,
24.17,
24.19,
24.20,
24.23,
24.24,
24.26,
24.28,
24.30,
24.31,
24.33,
24.35,
24.36,
24.39,
24.40,
24.41,
24.43,
24.44,
24.48,
24.48,
24.50,
24.52,
24.54,
24.56,
24.56,
24.58,
24.61,
24.61,
24.65,
24.67,
24.68,
24.70,
24.72,
24.73,
24.75,
24.76,
24.78,
24.80,
24.82,
24.83,
24.85,
24.87,
24.90,
24.90,
24.92,
24.93,
24.95,
24.98,
24.99,
25.00,
25.03,
25.04,
25.06,
25.07,
25.09,
25.11,
25.13,
25.15,
25.17,
25.18,
25.19,
25.20,
25.22,
25.24,
25.25,
25.26,
25.30,
25.29,
25.32,
25.33,
25.35,
25.36,
25.38,
25.38,
25.41,
25.40,
25.43,
25.44,
25.47,
25.48,
25.49,
25.51,
25.53,
25.54,
25.56,
25.57,
25.59,
25.60,
25.62,
25.64,
25.65,
25.67,
25.67,
25.69,
25.71,
25.72,
25.73,
25.75,
25.77,
25.78,
25.79,
25.81,
25.82,
25.83,
25.84,
25.86,
25.86,
25.88,
25.89,
25.90,
25.91,
25.94,
25.95,
25.96,
25.99,
25.99,
26.01,
26.02,
26.03,
26.05,
26.06,
26.08,
26.08,
26.09,
26.11,
26.13,
26.14,
26.16,
26.16,
26.18,
26.19,
26.21,
26.21,
26.22,
26.24,
26.27,
26.28,
26.29,
26.31,
26.32,
26.32,
26.33,
26.36,
26.37,
26.38,
26.40,
26.40,
26.42,
26.43,
26.44,
26.45,
26.44,
26.45,
26.46,
26.47,
26.49,
26.50,
26.51,
26.53,
26.54,
26.55,
26.58,
26.58,
26.60,
26.61,
26.62,
26.64,
26.66,
26.66,
26.67,
26.69,
26.70,
26.71,
26.72,
26.73,
26.73,
26.75,
26.76,
26.78,
26.78,
26.80,
26.81,
26.82,
26.83,
26.84,
26.85,
26.86,
26.87,
26.88,
26.91,
26.91,
26.92,
26.93,
26.95,
26.95,
26.96,
26.97,
26.98,
26.99,
27.00,
27.01,
27.02,
27.03,
27.05,
27.06,
27.07,
27.07,
27.09,
27.09,
27.10,
27.11,
27.11,
27.13,
27.13,
27.14,
27.15,
27.16,
27.17,
27.17,
27.19,
27.19,
27.22,
27.21,
27.23,
27.23,
27.24,
27.25,
27.28,
27.27,
27.28,
27.29,
27.30,
27.31,
27.33,
27.33,
27.33,
27.34,
27.34,
27.35,
27.37,
27.36,
27.38,
27.39,
27.40,
27.40,
27.40,
27.41,
27.42,
27.43,
27.44,
27.44,
27.45,
27.45,
27.46,
27.46,
27.47,
27.48,
27.48,
27.49,
27.50,
27.51,
27.51,
27.52,
27.53,
27.54,
27.55,
27.56,
27.56,
27.56,
27.58,
27.59,
27.59,
27.60,
27.61,
27.61,
27.62,
27.63,
27.64,
27.64,
27.65,
27.65,
27.66,
27.66,
27.68,
27.67,
27.68,
27.69,
27.70,
27.70,
27.70,
27.72,
27.74,
27.73,
27.74,
27.74,
27.75,
27.76,
27.76,
27.78,
27.78,
27.78,
27.79,
27.80,
27.81,
27.81,
27.82,
27.83,
27.83,
27.85,
27.85,
27.86,
27.86,
27.87,
27.88,
27.89,
27.89,
27.89,
27.91,
27.91,
27.92,
27.92,
27.93,
27.94,
27.94,
27.95,
27.94,
27.94,
27.96,
27.97,
27.97,
27.97,
27.98,
27.98,
27.99,
28.00,
28.00,
28.00,
28.02,
28.01,
28.01,
28.03,
28.02,
28.04,
28.04,
28.05,
28.06,
28.08,
28.08,
28.08,
28.08,
28.08,
28.09,
28.11,
28.13,
28.13,
28.13,
28.13,
28.14,
28.14,
28.14,
28.16,
28.17,
28.17,
28.19,
28.20,
28.20,
28.21,
28.22,
28.22,
28.22,
28.23,
28.23,
28.25,
28.25,
28.26,
28.26,
28.27,
28.27,
28.29,
28.29,
28.29,
28.30,
28.30,
28.31,
28.32,
28.32,
28.34,
28.35,
28.34,
28.35,
28.35,
28.35,
28.35,
28.38,
28.37,
28.38,
28.39,
28.39,
28.39,
28.39,
28.40,
28.41,
28.41,
28.42,
28.42,
28.42,
28.43,
28.43,
28.44,
28.45,
28.45,
28.46,
28.46,
28.46,
28.47,
28.47,
28.48,
28.48,
28.50,
28.49,
28.52,
28.52,
28.51,
28.52,
28.53,
28.54,
28.54,
28.53,
28.54,
28.55,
28.56,
28.56,
28.56,
28.57,
28.56,
28.58,
28.58,
28.59,
28.59,
28.59,
28.62,
28.61,
28.62,
28.63,
28.62,
28.63,
28.64,
28.64,
28.64,
28.66,
28.66,
28.67,
28.67,
28.68,
28.68,
28.69,
28.68,
28.68,
28.70,
28.69,
28.70,
28.71,
28.72,
28.72,
28.72,
28.73,
28.74,
28.74,
28.73,
28.74,
28.75,
28.74,
28.74,
28.75,
28.76,
28.76,
28.77,
28.77,
28.78,
28.79,
28.79,
28.80,
28.80,
28.81,
28.81,
28.81,
28.82,
28.83,
28.83,
28.84,
28.84,
28.84,
28.84,
28.85,
28.85,
28.85,
28.86,
28.85,
28.85,
28.86,
28.87,
28.87,
28.87,
28.87,
28.88,
28.87,
28.89,
28.88,
28.89,
28.89,
28.90,
28.89,
28.90,
28.90,
28.91,
28.90,
28.91,
28.91,
28.91,
28.92,
28.93,
28.93,
28.93,
28.94,
28.93,
28.94,
28.94,
28.95,
28.95,
28.95,
28.96,
28.97,
28.96,
28.97,
28.97,
28.98,
28.98,
28.98,
28.98,
28.99,
28.99,
29.00,
29.00,
29.01,
29.02,
29.02,
29.02,
29.03,
29.02,
29.04,
29.04,
29.04,
29.04,
29.05,
29.04,
29.06,
29.06,
29.06,
29.07,
29.07,
29.07,
29.08,
29.09,
29.09,
29.09,
29.10,
29.10,
29.11,
29.11,
29.12,
29.12,
29.14,
29.13,
29.13,
29.15,
29.14,
29.14,
29.15,
29.16,
29.16,
29.18,
29.18,
29.18,
29.18,
29.18,
29.19,
29.19,
29.19,
29.19,
29.20,
29.21,
29.20,
29.21,
29.21,
29.22,
29.22,
29.22,
29.23,
29.22,
29.22,
29.25,
29.24,
29.26,
29.25,
29.26,
29.26,
29.27,
29.27,
29.27,
29.28,
29.28,
29.29,
29.29,
29.29,
29.30,
29.29,
29.30,
29.32,
29.32,
29.31,
29.32,
29.32,
29.32,
29.33,
29.32,
29.32,
29.34,
29.33,
29.33,
29.34,
29.34,
29.35,
29.35,
29.34,
29.35,
29.35,
29.36,
29.36,
29.36,
29.37,
29.38,
29.38,
29.39,
29.39,
29.39,
29.39,
29.39,
29.40,
29.39,
29.41,
29.41,
29.41,
29.41,
29.41,
29.42,
29.43,
29.43,
29.43,
29.44,
29.43,
29.44,
29.43,
29.43,
29.45,
29.45,
29.46,
29.47,
29.47,
29.48,
29.48,
29.48,
29.48,
29.49,
29.49,
29.49,
29.50,
29.49,
29.50,
29.50,
29.51,
29.50,
29.51,
29.53,
29.52,
29.52,
29.53,
29.52,
29.54,
29.54,
29.53,
29.54,
29.55,
29.55,
29.56,
29.55,
29.56,
29.56,
29.56,
29.57,
29.57,
29.57,
29.58,
29.58,
29.59,
29.59,
29.59,
29.59,
29.60,
29.60,
29.60,
29.61,
29.61,
29.61,
29.61,
29.61,
29.61,
29.62,
29.62,
29.63,
29.62,
29.63,
29.63,
29.63,
29.64,
29.64,
29.65,
29.64,
29.66,
29.65,
29.65,
29.65,
29.66,
29.66,
29.66,
29.66,
29.66,
29.66,
29.67,
29.68,
29.68,
29.67,
29.68,
29.68,
29.68,
29.68,
29.69,
29.68,
29.68,
29.69,
29.68,
29.69,
29.69,
29.69,
29.70,
29.70,
29.70,
29.71,
29.70,
29.71,
29.72,
29.70,
29.71,
29.72,
29.72,
29.72,
29.73,
29.73,
29.73,
29.73,
29.73,
29.73,
29.73,
29.73,
29.74,
29.73,
29.73,
29.74,
29.74,
29.75,
29.75,
29.75,
29.76,
29.75,
29.75,
29.76,
29.76,
29.76,
29.77,
29.78,
29.78,
29.79,
29.77,
29.79,
29.79,
29.80,
29.79,
29.79,
29.80,
29.79,
29.80,
29.81,
29.81,
29.81,
29.80,
29.80,
29.81,
29.82,
29.81,
29.82,
29.82,
29.83,
29.82,
29.82,
29.82,
29.83,
29.83,
29.83,
29.83,
29.83,
29.83,
29.85,
29.84,
29.84,
29.85,
29.84,
29.83,
29.85,
29.86,
29.86,
29.85,
29.85,
29.86,
29.86,
29.86,
29.86,
29.88,
29.87,
29.88,
29.88,
29.88,
29.88,
29.88,
29.88,
29.88,
29.89,
29.89,
29.88,
29.88,
29.88,
29.89,
29.89,
29.89,
29.90,
29.91,
29.90,
29.90,
29.91,
29.91,
29.91,
29.92,
29.92,
29.92,
29.93,
29.92,
29.93,
29.93,
29.93,
29.93,
29.94,
29.93,
29.94,
29.93,
29.93,
29.93,
29.94,
29.93,
29.94,
29.94,
29.94,
29.94,
29.94,
29.94,
29.96,
29.96,
29.95,
29.94,
29.95,
29.96,
29.97,
29.96,
29.95,
29.96,
29.96,
29.97,
29.96,
29.96,
29.96,
29.97,
29.97,
29.97,
29.98,
29.98,
29.98,
29.99,
29.99,
29.98,
30.00,
29.99,
29.99,
30.00,
29.99,
30.00,
30.00,
30.00,
30.00,
30.00,
30.01,
30.01,
30.01,
30.01,
30.01,
30.01,
30.01,
30.01,
30.01,
30.02,
30.01,
30.01,
30.01,
30.01,
30.02,
30.00,
30.01,
30.01,
30.01,
30.02,
30.00,
30.01,
30.01,
30.01,
30.02,
30.01,
30.02,
30.03,
30.01,
30.02,
30.03,
30.02,
30.02,
30.02,
30.03,
30.03,
30.03,
30.03,
30.03,
30.04,
30.04,
30.04,
30.04,
30.03,
30.05,
30.04,
30.04,
30.05,
30.05,
30.05,
30.06,
30.06,
30.05,
30.06,
30.07,
30.06,
30.06,
30.07,
30.06,
30.06,
30.08,
30.07,
30.07,
30.06,
30.07,
30.07,
30.07,
30.08,
30.09,
30.08,
30.08,
30.09,
30.08,
30.08,
30.08,
30.09,
30.09,
30.08,
30.08,
30.09,
30.09,
30.08,
30.09,
30.08,
30.09,
30.08,
30.09,
30.10,
30.10,
30.09,
30.10,
30.10,
30.11,
30.11,
30.11,
30.11,
30.09,
30.11,
30.13,
30.12,
30.13,
30.12,
30.12,
30.12,
30.12,
30.12,
30.11,
30.12,
30.13,
30.13,
30.13,
30.12,
30.13,
30.13,
30.13,
30.13,
30.14,
30.13,
30.14,
30.14,
30.13,
30.14,
30.13,
30.14,
30.13,
30.14,
30.14,
30.14,
30.15,
30.15,
30.15,
30.15,
30.15,
30.15,
30.15,
30.15,
30.16,
30.16,
30.16,
30.17,
30.17,
30.17,
30.18,
30.18,
30.18,
30.17,
30.18,
30.18,
30.19,
30.19,
30.20,
30.20,
30.19,
30.19,
30.19,
30.19,
30.18,
30.19,
30.19,
30.19,
30.20,
30.20,
30.20,
30.18,
30.19,
30.19,
30.19,
30.19,
30.20,
30.19,
30.19,
30.19,
30.19,
30.20,
30.21,
30.18,
30.21,
30.20,
30.20,
30.21,
30.21,
30.20,
30.20,
30.21,
30.20,
30.20,
30.21,
30.20,
30.21,
30.20,
30.21,
30.21,
30.21,
30.22,
30.22,
30.22,
30.22,
30.22,
30.22,
30.22,
30.21,
30.22,
30.22,
30.22,
30.21,
30.22,
30.22,
30.22,
30.22,
30.22,
30.22,
30.23,
30.22,
30.23,
30.22,
30.23,
30.23,
30.23,
30.23,
30.24,
30.23,
30.23,
30.23,
30.24,
30.24,
30.24,
30.23,
30.24,
30.24,
30.24,
30.24,
30.24,
30.24,
30.24,
30.25,
30.26,
30.25,
30.26,
30.26,
30.26,
30.25,
30.25,
30.26,
30.26,
30.26,
30.26,
30.27,
30.27,
30.26,
30.26,
30.27,
30.27,
30.27,
30.27,
30.27,
30.26,
30.27,
30.28,
30.26,
30.28,
30.27,
30.28,
30.28,
30.28,
30.27,
30.29,
30.28,
30.28,
30.29,
30.29,
30.29,
30.30,
30.29,
30.30,
30.30,
30.29,
30.29,
30.29,
30.29,
30.28,
30.29,
30.30,
30.29,
30.29,
30.29,
30.28,
30.29,
30.29,
30.29,
30.30,
30.29,
30.30,
30.29,
30.31,
30.31,
30.29,
30.30,
30.30,
30.30,
30.30,
30.30,
30.30,
30.30,
30.30,
30.30,
30.30,
30.29,
30.29,
30.30,
30.30,
30.30,
30.31,
30.30,
30.30,
30.30,
30.30,
30.30,
30.29,
30.31,
30.30,
30.31,
30.31,
30.32,
30.30,
30.31,
30.31,
30.31,
30.31,
30.32,
30.33,
30.32,
30.32,
30.32,
30.32,
30.32,
30.31,
30.32,
30.32,
30.31,
30.31,
30.32,
30.32,
30.31,
30.31,
30.30,
30.31,
30.30,
30.31,
30.30,
30.31,
30.31,
30.32,
30.30,
30.31,
30.31,
30.31,
30.31,
30.32,
30.31,
30.32,
30.31,
30.32,
30.32,
30.31,
30.32,
30.31,
30.32,
30.32,
30.31,
30.32,
30.32,
30.32,
30.32,
30.33,
30.31,
30.32,
30.33,
30.32,
30.32,
30.31,
30.32,
30.33,
30.32,
30.33,
30.33,
30.32,
30.32,
30.32,
30.32,
30.33,
30.33,
30.33,
30.32,
30.32,
30.32,
30.32,
30.32,
30.31,
30.32,
30.33,
30.32,
30.33,
30.32,
30.32,
30.32,
30.31,
30.31,
30.32,
30.32,
30.32,
30.32,
30.32,
30.33,
30.33,
30.33,
30.32,
30.31,
30.32,
30.32,
30.32,
30.32,
30.33,
30.32,
30.31,
30.32,
30.32,
30.32,
30.32,
30.31,
30.32,
30.33,
30.32,
30.32,
30.32,
30.32,
30.31,
30.32,
30.32,
30.33,
30.32,
30.32,
30.32,
30.32,
30.32,
30.33,
30.33,
30.32,
30.33,
30.33,
30.33,
30.32,
30.33,
30.32,
30.33,
30.33,
30.33,
30.33,
30.33,
30.33,
30.34,
30.33,
30.33,
30.33,
30.34,
30.34,
30.34,
30.34,
30.35,
30.34,
30.35,
30.34,
30.34,
30.34,
30.34,
30.34,
30.34,
30.34,
30.35,
30.33,
30.34,
30.35,
30.34,
30.34,
30.34,
30.35,
30.34,
30.34,
30.34,
30.34,
30.35,
30.34,
30.34,
30.33,
30.34,
30.34,
30.34,
30.35,
30.35,
30.34,
30.35,
30.35,
30.35,
30.35,
30.34,
30.35,
30.35,
30.35,
30.34,
30.34,
30.35,
30.35,
30.34,
30.34,
30.35,
30.35,
30.34,
30.35,
30.35,
30.34,
30.36,
30.34,
30.36,
30.35,
30.35,
30.35,
30.35,
30.36,
30.35,
30.36,
30.36,
30.36,
30.36,
30.36,
30.35,
30.36,
30.36,
30.36,
30.36,
30.35,
30.35,
30.35,
30.36,
30.36,
30.36,
30.36,
30.37,
30.37,
30.37,
30.37,
30.36,
30.37,
30.37,
30.37,
30.36,
30.36,
30.37,
30.37,
30.37,
30.37,
30.37,
30.37,
30.36,
30.36,
30.36,
30.36,
30.36,
30.37,
30.36,
30.36,
30.36,
30.35,
30.36,
30.36,
30.36,
30.37,
30.37,
30.36,
30.37,
30.36,
30.36,
30.35,
30.36,
30.35,
30.36,
30.37,
30.36,
30.36,
30.36,
30.36,
30.36,
30.35,
30.36,
30.36,
30.36,
30.36,
30.35,
30.36,
30.36,
30.35,
30.35,
30.35,
30.36,
30.37,
30.36,
30.36,
30.36,
30.36,
30.36,
30.36,
30.36,
30.36,
30.36,
30.36,
30.36,
30.37,
30.36,
30.36,
30.36,
30.37,
30.38,
30.37,
30.37,
30.37,
30.37,
30.36,
30.37,
30.37,
30.37,
30.37,
30.37,
30.37,
30.37,
30.38,
30.37,
30.37,
30.38,
30.39,
30.38,
30.38,
30.38,
30.37,
30.38,
30.38,
30.38,
30.38,
30.37,
30.38,
30.37,
30.38,
30.39,
30.38,
30.39,
30.38,
30.38,
30.38,
30.38,
30.38,
30.38,
30.38,
30.37,
30.37,
30.38,
30.39,
30.39,
30.38,
30.38,
30.38,
30.38,
30.39,
30.39,
30.38,
30.39,
30.39,
30.39,
30.39,
30.39,
30.40,
30.39,
30.39,
30.39,
30.39,
30.39,
30.38,
30.39,
30.39,
30.39,
30.38,
30.39,
30.40,
30.40,
30.40,
30.39,
30.39,
30.40,
30.40,
30.40,
30.39,
30.40,
30.40,
30.40,
30.39,
30.40,
30.39,
30.39,
30.40,
30.40,
30.39,
30.40,
30.40,
30.40,
30.40,
30.40,
30.40,
30.40,
30.40,
30.40,
30.40,
30.39,
30.41,
30.40,
30.40,
30.40,
30.40,
30.40,
30.40,
30.39,
30.40,
30.41,
30.39,
30.40,
30.39,
30.40,
30.40,
30.40,
30.40,
30.41,
30.39,
30.41,
30.41,
30.39,
30.41,
30.40,
30.40,
30.41,
30.40,
30.40,
30.40,
30.40,
30.41,
30.41,
30.41,
30.40,
30.40,
30.41,
30.41,
30.41,
30.41,
30.41,
30.41,
30.40,
30.40,
30.41,
30.40,
30.41,
30.42,
30.40,
30.41,
30.41,
30.41,
30.40,
30.41,
30.40,
30.41,
30.40,
30.41,
30.42,
30.41,
30.41,
30.41,
30.42,
30.41,
30.41,
30.41,
30.41,
30.41,
30.41,
30.41,
30.41,
30.41,
30.41,
30.41,
30.41,
30.41,
30.41,
30.41,
30.42,
30.42,
30.41,
30.41,
30.42,
30.42,
30.41,
30.41,
30.42,
30.41,
30.42,
30.42,
30.42,
30.42,
30.42,
30.43,
30.41,
30.41,
30.42,
30.42,
30.43,
30.43,
30.42,
30.43,
30.44,
30.43,
30.44,
30.44,
30.44,
30.44,
30.45,
30.44,
30.44,
30.44,
30.45,
30.44,
30.44,
30.44,
30.45,
30.44,
30.45,
30.44,
30.45,
30.44,
30.44,
30.44,
30.44,
30.44,
30.45,
30.45,
30.45,
30.44,
30.45,
30.44,
30.44,
30.44,
30.44,
30.44,
30.44,
30.44,
30.45,
30.46,
30.46,
30.46,
30.45,
30.46,
30.45,
30.45,
30.45,
30.45,
30.47,
30.46,
30.46,
30.46,
30.46,
30.46,
30.45,
30.45,
30.46,
30.45,
30.45,
30.47,
30.46,
30.46,
30.46,
30.46,
30.47,
30.46,
30.46,
30.46,
30.47,
30.46,
30.46,
30.46,
30.46,
30.45,
30.45,
30.46,
30.47,
30.46,
30.47,
30.46,
30.46,
30.47,
30.46,
30.46,
30.45,
30.46,
30.46,
30.47,
30.47,
30.46,
30.46,
30.47,
30.47,
30.47,
30.48,
30.48,
30.48,
30.47,
30.49,
30.48,
30.48,
30.48,
30.48,
30.48,
30.48,
30.48,
30.49,
30.48,
30.49,
30.49,
30.49,
30.49,
30.49,
30.49,
30.49,
30.51,
30.50,
30.49,
30.51,
30.51,
30.51,
30.50,
30.52,
30.51,
30.50,
30.51,
30.51,
30.50,
30.51,
30.51,
30.51,
30.50,
30.51,
30.51,
30.50,
30.51,
30.52,
30.52,
30.51,
30.50,
30.51,
30.51,
30.51,
30.52,
30.52,
30.52,
30.52,
30.52,
30.52,
30.53,
30.52,
30.52,
30.53,
30.52,
30.52,
30.52,
30.52,
30.52,
30.51,
30.51,
30.53,
30.52,
30.52,
30.53,
30.52,
30.52,
30.52,
30.53,
30.52,
30.53,
30.53,
30.52,
30.53,
30.52,
30.52,
30.52,
30.52,
30.52,
30.52,
30.52,
30.52,
30.52,
30.52,
30.52,
30.52,
30.52,
30.52,
30.52,
30.51,
30.51,
30.52,
30.52,
30.52,
30.52,
30.52,
30.52,
30.52,
30.52,
30.52,
30.51,
30.52,
30.51,
30.52,
30.51,
30.51,
30.51,
30.51,
30.52,
30.52,
30.51,
30.51,
30.51,
30.51,
30.52,
30.52,
30.52,
30.51,
30.52,
30.53,
30.53,
30.51,
30.52,
30.51,
30.52,
30.52,
30.54,
30.53,
30.52,
30.53,
30.52,
30.53,
30.53,
30.53,
30.53,
30.53,
30.52,
30.52,
30.52,
30.52,
30.54,
30.54,
30.54,
30.54,
30.53,
30.54,
30.53,
30.54,
30.54,
30.53,
30.53,
30.53,
30.54,
30.54,
30.54,
30.54,
30.54,
30.53,
30.54,
30.54,
30.53,
30.55,
30.54,
30.54,
30.54,
30.54,
30.54,
30.54,
30.55,
30.54,
30.54,
30.54,
30.54,
30.54,
30.54,
30.55,
30.55,
30.54,
30.54,
30.55,
30.55,
30.54,
30.56,
30.56,
30.56,
30.55,
30.56,
30.56,
30.56,
